8,8,88,8,88,20,8,20,Online Store
9,32,119,30,120,41,9,43,surparadise ecwid com
328,30,417,30,417,42,328,42,Customer service
328,44,398,44,398,54,328,54,800 555-55-55
9,48,78,48,78,58,9,58,5 Fifth Avenue
329,58,412,58,412,69,329,69,cs@@example com
9,61,132,61,132,73,9,73,New York, New York 10001
9,76,74,76,74,86,9,86,United states
9,118,122,118,122,130,9,130,Aug 21 2019 04:10 am
8,146,88,146,88,157,8,157,JOHN DARLING
168,146,290,146,290,157,168,157,Shipped via UPS Standard
169,158,276,158,276,170,169,170,S8.30 - wonking days)
8,160,113,160,113,173,8,173,12840 Pennyonage or
169,173,300,173,300,186,169,186,>ayment method Credit card
9,174,130,174,130,186,9,186,Bridgeton, Missour, 53044
9,189,74,189,74,201,9,201,United States
8,202,76,202,76,213,8,213,555 209 0075
8,217,133,217,133,229,8,229,John darling example com
9,248,88,248,88,258,9,258,Order comments
9,264,112,264,112,276,9,276,Leave on front porch
9,298,61,298,61,309,9,309,Order #42
9,326,122,326,122,338,9,338,Self- Rescuing Princess
409,326,446,326,446,337,409,337,$12 do
8,340,65,340,65,350,8,350,SKU 0001
9,354,74,354,74,365,9,365,Size: Medium
416,380,446,380,446,390,416,390,Yoda Plush Bagpack
9,380,110,380,110,392,9,392,$5.00
8,393,65,393,65,404,8,404,SKU 0002
326,424,356,424,356,433,326,433,$29 00
409,422,446,422,446,433,409,433,tems
310,441,356,441,356,452,310,452,18.30
416,441,446,441,446,452,416,452,Shipping
334,458,357,458,357,469,334,469,Tax
416,458,446,458,446,469,416,469,$3.00
326,477,357,477,357,488,326,488,$40 30
409,476,446,476,446,488,409,488,Total
173,562,286,562,286,574,173,574,Thank you or your order!
