47,26,215,27,215,50,47,48,Pay Invoice Online
278,27,410,27,410,44,278,44,Download PDF
707,29,969,29,969,43,707,43,Questions about this invoice? Contact us
851,113,932,113,932,129,851,129,Invoice Number
660,113,795,113,795,130,660,130,#1785439
272,116,343,116,343,129,272,129,ACME
60,120,264,120,264,160,60,160,Acme Inc
272,133,392,133,392,152,272,152,103 Majestic Way
270,150,395,152,395,170,270,168,Raleigh NC 27606
660,153,735,153,735,166,660,166,Issue Date
851,153,929,153,929,166,851,166,2018-02-01
661,181,726,181,726,193,661,193,Due Date
851,181,929,181,929,193,851,193,2018-02-01
694,233,746,233,746,250,694,250,$210.07
837,230,921,230,921,252,837,252,DUE
52,233,112,233,112,249,52,249,Bill To:
52,255,176,255,176,269,52,269,Nathanael Erdman
52,273,207,273,207,287,52,287,75839 Nolan Crossroad
52,293,240,293,240,306,52,306,North Lethamouth, TX 78205
72,387,106,387,106,400,72,400,Unit Price
560,385,617,388,616,404,559,400,Item
695,386,760,386,760,398,695,398,Quantity
858,387,912,387,912,400,858,400,Amount
73,432,109,432,109,447,73,447,Prol
707,432,761,432,761,447,707,447,$99 00
858,432,911,432,911,447,858,447,$99 00
72,450,230,450,230,464,72,464,02/01/2018 03/01/2018
715,498,761,498,761,514,715,514,IP Addresses
857,498,911,498,911,514,857,514,$1.00
72,498,164,498,164,512,72,512,$10.00
592,500,615,500,615,512,592,512,10
73,544,140,544,140,561,73,561,Minutes?
575,547,615,547,615,560,575,560,so. 10
715,546,761,546,761,561,715,561,$139.80
851,546,911,546,911,561,851,561,1398
729,627,792,627,792,643,729,643,Subtotal
871,627,932,627,932,643,871,643,$248 80
72,641,213,639,214,659,72,661,Discount(s) Applied:
720,655,791,655,791,669,720,669,Discounts
868,655,932,655,932,671,868,671,(S38 73)
73,680,204,680,204,695,73,695,$24.75
424,678,477,678,477,695,424,695,1. 25% Off Plan Fee
871,683,931,683,931,698,871,698,$210.07
752,684,791,684,791,697,752,697,Total
73,707,201,707,201,723,73,723,2 10% Off Minutes
423,707,477,707,477,723,423,723,$13.98
754,732,792,732,792,746,754,746,Paid
886,732,931,732,931,746,886,746,$0.00
871,760,929,760,929,774,871,774,$210.07
758,761,791,761,791,774,758,774,Due
50,801,193,801,193,821,50,821,Payment History
