877,67,990,67,990,80,877,80,PAYMENT PENDING
155,86,286,93,285,120,153,113,Your Logo
650,114,1007,114,1007,146,650,146,Basic Design Invoice
929,228,1005,228,1005,242,929,242,INVOICE #
77,230,258,230,258,250,77,250,FROM: Sprout Invoices
887,253,1005,253,1005,272,887,272,22630-22635
77,262,183,262,183,277,77,277,Dan Cameron
77,289,173,289,173,305,77,305,123 8 Street
924,294,1005,294,1005,307,924,307,ISSUED on
77,317,216,317,216,334,77,334,Ventura, CA 93004
850,321,1005,321,1005,339,850,339,December 1. 2018
77,344,107,344,107,361,77,361,US
946,359,1005,359,1005,373,946,373,DUE on
77,371,225,371,225,386,77,386,Phone: +1231 23321
838,386,1007,386,1007,405,838,405,December 15, 2018
77,400,206,400,206,416,77,416,Fax: #987789877
75,428,267,428,267,445,75,445,test@sproutinvoices com
887,447,981,447,981,460,887,460,DEPOSIT DUE
891,477,983,477,983,501,891,501,$50.00
77,479,235,479,235,497,77,497,TO: Marvel Studios
77,509,147,509,147,527,77,527,123 a St
77,537,216,537,216,554,77,554,Ventura CA 93004
880,538,981,538,981,551,880,551,BALANCE DUE
77,564,107,564,107,581,77,581,US
874,568,983,568,983,591,874,591,$837 08
77,591,226,591,226,608,77,608,Phone: +1231 23321
77,620,208,620,208,637,77,637,Fax: 4987789877
684,724,721,724,721,741,684,741,Task 1.0
100,722,166,722,166,738,100,738,Rate
916,724,983,724,983,738,916,738,Oty
544,724,588,724,588,738,544,738,%
828,724,850,724,850,738,828,738,Amount
538,781,590,781,590,800,538,800,$250
931,781,985,781,985,800,931,800,$250
99,781,448,781,448,801,99,801,Amazing Spider-Man is the cornerstone of
817,781,852,781,852,798,817,798,0%
99,813,455,813,455,828,99,828,the Marvel Universe But her wit charm and
99,845,403,845,403,864,99,864,intelligence just may help her survive
75,875,548,875,548,897,75,897,Balance of $837 08 Due in 63 Days & Deposit of $50 00 Due Now
785,877,916,877,916,896,785,896,Make a Payment
