164,1,437,1,437,17,164,17,Purchase Order Invoice Example
176,23,313,17,313,40,177,46,201-01342
200,57,301,57,301,78,200,78,Mul
25,59,152,61,151,77,25,75,Invoice
373,61,453,61,453,76,373,76,StenoMed, Inc.
376,78,416,78,416,89,376,89,DATC
448,78,513,78,513,89,448,89,INVOICCH
29,81,137,81,137,92,29,92,accounts Receivable
378,93,420,93,420,100,378,100,1993
450,90,480,90,480,100,450,100,was
28,93,142,93,142,104,28,104,8500 in now B. I've.
28,105,113,105,113,114,28,114,ownsso, on now
29,145,198,145,198,157,29,157,OUHSC Department of Urology
26,158,197,156,197,169,26,171,920 I is Young Biva. WP3150
388,169,562,169,562,181,388,181,Stenomed ine Corporate Omee
29,170,172,170,172,182,29,182,Oklahoma City, or 73104
446,184,505,184,505,193,446,193,usenation
384,198,568,198,568,206,384,206,- and aquiries contest Mary a me
426,208,526,208,526,216,426,216,marry@accumptil.gp.com
382,219,569,217,569,227,382,229,- - conceptional - Shorri would
429,229,521,229,521,237,429,237,amplicationed -
90,236,160,240,159,252,90,249,tenomed for your
157,237,260,239,259,251,157,249,hank you
38,240,93,240,93,252,38,252,for choosing
266,240,332,240,332,250,266,250,inscruption
161,250,201,250,201,261,161,261,needs.
385,269,446,269,446,280,385,280,P.O. no.
484,269,540,269,540,280,484,280,TERMS
480,282,544,282,544,293,480,293,one was
482,300,541,300,541,310,482,310,DESCRIPTION
74,301,117,301,117,312,74,312,um
204,300,293,300,293,310,204,310,rate
344,300,372,300,372,310,344,310,AMOUNT
398,300,437,300,437,310,398,310,LINES
429,312,453,312,453,321,429,321,C.- a Bz
450,309,514,309,514,336,450,336,on
165,313,248,313,248,322,165,322,was
538,312,572,312,572,321,538,321,2,100
133,313,168,313,168,324,133,324,now . some --
429,324,453,324,453,333,429,333,only Brown MD
537,324,573,324,573,333,537,333,on
132,325,168,325,168,336,132,336,25949
165,324,242,324,242,334,165,334,2.359
450,334,517,332,517,345,450,347,L3 > I
142,337,166,337,166,348,142,348,24.31
165,337,233,337,233,346,165,346,221
430,338,453,338,453,345,430,345,sue Mon, --
542,336,572,336,572,345,542,345,use
450,346,519,344,520,357,450,359,LI - D7
429,349,453,349,453,358,429,358,on rom Mison, MD
544,349,572,349,572,358,544,358,our
142,349,244,349,244,360,142,360,not
452,357,522,357,522,373,452,373,L3 -D2
548,360,572,360,572,369,548,369,on
429,360,453,360,453,370,429,370,3.01
149,362,166,362,166,373,149,373,John Wasson me
165,361,245,361,245,370,165,370,a
412,570,454,570,454,582,412,582,Total
480,569,541,569,541,580,480,580,$601 04
