231,127,600,127,600,166,231,166,THEBRICKCOMPANY
1033,129,1280,129,1280,164,1033,164,INVOICE
234,176,480,176,480,196,234,196,BRICKS EVERY month.
1033,201,1237,201,1237,224,1033,224,Invoice #0012213
1031,244,1320,244,1320,268,1031,268,Invoice date 17 Feb, 2015
117,271,361,271,361,298,117,298,1588 Crucero Avenue
1033,288,1302,288,1302,313,1033,313,Invoice amount $115.50
116,311,343,307,344,334,117,338,San Jose, CA 95122
1033,333,1344,330,1345,359,1033,363,Customer ID da43asdfadss
117,351,383,351,383,373,117,373,TAX REGN #231653279
1033,375,1300,378,1300,405,1033,402,Customer PO #128764
1032,423,1104,417,1107,444,1034,450,PAID
575,515,689,515,689,540,575,540,SHIPPED to
1036,515,1170,515,1170,535,1036,535,SUBSCRIPTION
117,518,214,518,214,537,117,537,BILLED to
575,545,729,545,729,570,575,570,Jonathan I've,
117,547,271,547,271,572,117,572,ID: 309918121391230
1033,545,1282,545,1282,567,1033,567,Jonathan I've,
572,580,824,580,824,607,572,607,1588 Crucero Avenue,
114,582,361,582,361,607,114,607,Next Bill Date: Mar 17, 2015
1036,580,1334,580,1334,602,1036,602,1588 Crucero Avenue
117,615,341,615,341,640,117,640,San Jose CA 95122
572,615,797,615,797,637,572,637,San Jose, CA 95122
119,719,241,719,241,739,119,739,DESCRIPTION
938,722,1001,722,1001,742,938,742,UNITS
1048,722,1153,722,1153,742,1048,742,UNIT PRICE
1247,722,1292,722,1292,742,1247,742,VAT
1399,722,1484,722,1484,742,1399,742,AMOUNT
1078,804,1153,804,1153,829,1078,829,Basic Plan (Oct 02 to Nov 02 2015)
117,803,473,806,473,831,116,827,$7.00
1237,806,1292,806,1292,826,1237,826,$14.00
1392,804,1479,804,1479,826,1392,826,-
958,806,976,806,976,824,958,824,10%
117,883,403,886,403,913,116,910,SSL (Oct 02 to Nov 02 2015)
1061,884,1153,884,1153,909,1061,909,$49.00
1237,886,1292,886,1292,906,1237,906,$49.00
1387,884,1481,884,1481,909,1387,909,10%
117,969,540,973,540,1000,116,996,SMS Credits (Oct 02 2015 to Jan 01, 2016)
1061,971,1155,971,1155,996,1061,996,$49.00
1387,971,1481,971,1481,996,1387,996,10%
1237,971,1295,971,1295,996,1237,996,$49.00
1183,1095,1297,1095,1297,1120,1183,1120,Sub Total
1392,1095,1481,1095,1481,1118,1392,1118,$112.00
1409,1148,1486,1148,1486,1173,1409,1173,VAT a 10%
1165,1148,1292,1148,1292,1170,1165,1170,$9.94
1208,1225,1299,1231,1296,1264,1206,1258,Total
1352,1230,1486,1230,1486,1260,1352,1260,$121.94
1382,1282,1486,1282,1486,1310,1382,1310,(#121.94)
1178,1285,1292,1285,1292,1307,1178,1307,Payments
1404,1354,1486,1354,1486,1379,1404,1379,AMOUNT DUE
1123,1354,1292,1354,1292,1377,1123,1377,$0.00
