12,18,145,18,145,35,12,35,Create an Invoice
14,32,256,32,256,50,14,50,Marty McFly Unentrovelervessenomple com)
678,93,795,93,795,107,678,107,Invoice Number
890,93,959,93,959,107,890,107,#000024
237,100,300,100,300,112,237,112,ACME
45,96,226,96,226,134,45,134,Acme Inc.
235,115,350,115,350,128,235,128,555 555 1234 x137
873,148,953,148,953,167,873,167,$525.00
696,150,767,150,767,167,696,167,DRAFT
43,193,96,193,96,207,43,207,Ship to:
260,192,323,192,323,207,260,207,Bill to:
43,212,120,212,120,226,43,226,Marty McFly
262,210,339,210,339,225,262,225,Marty McFly
43,225,128,228,128,243,43,240,200 Billing Rd.
262,226,358,229,357,245,261,241,100 Shipping St.
42,245,103,245,103,257,42,257,Suite 100
262,245,314,245,314,257,262,257,Apt 200
45,260,167,260,167,275,45,275,Needham MA 02494
264,260,400,260,400,275,264,275,Pleasantville NC 12345
631,348,690,348,690,362,631,362,Unit Price
728,348,778,348,778,362,728,362,item
57,348,89,348,89,360,57,360,Quantity
542,348,592,348,592,360,542,360,Amount
640,387,687,387,687,400,640,400,Professional Services On- boarding Assistance (Hourly)
59,386,371,388,371,404,59,401,$75 00
721,387,775,387,775,400,721,400,$525 00
871,393,928,393,928,406,871,406,Remove
67,453,165,453,165,468,67,468,Name Widgets
610,453,657,453,657,465,610,465,22
514,453,537,453,537,465,514,465,100 00
839,453,928,453,928,467,839,467,Add Line Item
750,529,804,529,804,543,750,543,Subtotal
887,528,942,528,942,540,887,540,$525 00
43,539,174,539,174,553,43,553,Click to add the Memo
768,553,803,553,803,565,768,565,$525 00
887,551,942,551,942,565,887,565,Total
43,613,256,615,256,630,43,628,Click to add the Payment Instructions
817,685,942,685,942,698,817,698,Create Open invoice
