38,14,145,14,145,27,38,27,Contact Customer
282,47,376,47,376,63,282,63,Billed On
563,46,645,46,645,61,563,61,November 06, 2014
714,46,888,46,888,63,714,63,Kale Krate
37,57,131,57,131,70,37,70,Invoice Options
563,69,616,69,616,80,563,80,Due On
713,69,838,69,838,82,713,82,November 06. 2014
282,72,406,72,406,86,282,86,400 Alabama Street
563,87,607,87,607,100,563,100,Terms
713,87,792,87,792,102,713,102,On- Receipt
282,90,436,90,436,105,282,105,San Francisco, CA 94110
713,101,771,104,770,122,712,118,Invoice Number
561,105,662,105,662,118,561,118,Pending
282,108,368,108,368,121,282,121,United States
8,118,125,118,125,135,8,135,Payment Method
282,125,494,127,494,143,282,141,Email: danielletalpha a recurly. com
20,144,154,144,154,158,20,158,Manual (send invoice)
282,171,344,171,344,184,282,184,Billed To:
606,184,645,184,645,198,606,198,DUE
690,184,851,184,851,198,690,198,On November 06. 2014
10,190,92,190,92,203,10,203,PO Number
282,200,394,200,394,216,282,216,Jason Borne
283,226,458,226,458,240,283,240,- Avenue du General Leclerc
649,233,828,233,828,265,649,265,$20.99 USD
282,243,360,243,360,256,282,256,Paris 75014
10,250,56,250,56,262,10,262,Terms
280,262,329,262,329,275,280,275,France
20,273,69,273,69,288,20,288,Net-60
10,319,138,319,138,332,10,332,Terms as Conditions
462,319,543,319,543,334,462,334,Date
292,319,329,319,329,331,292,331,Description
651,319,679,319,679,332,651,332,Qty
743,319,783,319,783,331,743,331,Price
847,319,904,319,904,331,847,331,Amount
15,347,195,345,196,360,15,362,Please make payments out to
293,358,377,358,377,371,293,371,Nov 06, 2014
462,358,527,358,527,370,462,370,Gold Plan
734,358,782,358,782,371,734,371,$20 99
855,358,903,358,903,371,855,371,$20 99
15,361,132,361,132,377,15,377,Kale Krate and Co
747,399,808,399,808,410,747,410,Subtotal
857,399,904,399,904,410,857,410,$20 99
282,426,537,426,537,442,282,442,All amounts in United States Dollars (USD)
769,437,808,437,808,449,769,449,Total
855,437,904,437,904,450,855,450,$20 99
10,445,119,447,119,461,9,459,Customer Notes
15,475,174,475,174,489,15,489,Thanks for your business!
283,475,391,475,391,486,283,486,Terms & Conditions
692,479,808,479,808,497,692,497,Amount Due
841,479,906,479,906,497,841,497,$20 '99
283,494,528,492,528,506,283,507,Please make payments out to kale Krate and Co
282,540,461,540,461,556,282,556,Thanks for your businessl
80,586,157,586,157,597,80,597,Post invoice
