43,43,372,43,372,109,43,109,PO Nestle Box: Middle 17327 EASTIFZE Dubai
1986,80,2184,72,2186,126,1988,134,Nestle
47,102,252,102,252,131,47,131,Utd.Arab Emir
51,127,442,127,442,157,51,157,Tel:4 88380001Faxi4 8839000
588,127,723,127,723,157,588,157,INVOICE
862,127,1063,127,1063,157,862,157,4553973018 P
47,153,482,153,482,182,47,182,VAT Number: 400607714100003
277,201,405,201,405,226,277,226,Date
1801,201,1940,201,1940,226,1801,226,15.07.2020
47,201,113,201,113,226,47,226,Ship To:
1012,201,1114,201,1114,226,1012,226,Nestle Saudi Arabia L.L C.
1129,201,1403,201,1403,226,1129,226,Billing No:
1640,197,1761,197,1761,230,1640,230,1175002755
47,230,259,230,259,255,47,255,Customer Indent no
274,230,416,230,416,255,274,255,4553973018
1012,230,1169,230,1169,259,1012,259,South Jeddah
47,259,222,259,222,285,47,285,Payment Termsi
277,259,588,259,588,285,277,285,Due within 30 days ofinv date
1012,266,1436,266,1436,292,1012,292,Jeddah, Al Khumra Wh AreaSaudi Arabia
1640,285,1874,285,1874,310,1640,310,Bank Information
47,285,233,285,233,310,47,310,Account No.: 100201062
277,285,537,285,537,314,277,314,STPO1 4553972922
1107,296,1450,296,1450,325,1107,325,VAT Number: 300320673 00003
277,314,416,314,416,339,277,339,LDP6230724
1640,310,1790,310,1790,339,1640,339,Citibank N.A
274,343,570,343,570,369,274,369,Khalid Bin Al Waleed Street
277,372,508,372,508,398,277,398,Dubar; Utd Arab Emir.
277,398,482,398,482,423,277,423,SWIF CITIAEAD
164,427,274,427,274,453,164,453,HS Code
771,427,858,427,858,456,771,456,Categoryl
990,427,1162,427,1162,456,990,456,Net Kg
1538,427,1600,427,1600,453,1538,453,Gross Kg
1977,427,2189,427,2189,453,1977,453,Measure(c Qty
76,431,138,431,138,453,76,453,UNIT
365,427,482,427,482,456,365,456,Unit
880,427,990,427,990,456,880,456,Excise
1191,427,1257,427,1257,453,1191,453,Disc
1268,427,1326,427,1326,453,1268,453,Net Unit
1418,427,1498,427,1498,453,1418,453,Total
1633,427,1732,427,1732,453,1633,453,VAT to
1776,427,1841,427,1841,453,1776,453,VAT Amount Gross
1874,427,1962,427,1962,453,1874,453,Item
73,456,142,456,142,482,73,482,Country of Origin
168,453,350,453,350,482,168,482,Weight
768,448,864,456,861,489,765,480,Weight
891,453,979,453,979,482,891,482,Price
1268,453,1337,453,1337,478,1268,478,GPR
1432,456,1487,456,1487,478,1432,478,Price
1538,453,1600,453,1600,478,1538,478,USD
1648,453,1717,453,1717,478,1648,478,USD
1776,453,1841,453,1841,478,1776,478,Code
1977,453,2039,453,2039,478,1977,478,Product Description
369,456,577,456,577,482,369,482,Tax
2112,456,2207,456,2207,478,2112,478,Amount
51,508,164,508,164,533,51,533,2278174
164,508,299,508,299,533,164,533,19.04. 10.10
994,508,1103,508,1103,533,994,533,Breakfast Cereals
1673,508,1735,508,1735,533,1673,533,500
369,508,559,508,559,533,369,533,720
814,508,869,508,869,533,814,533,25" 13*10
931,508,986,508,986,533,931,533,279
1136,508,1187,508,1187,533,1136,533,Case
1191,508,1257,508,1257,533,1191,533,4.46
1348,508,1407,508,1407,533,1348,533,4.46
1776,508,1878,508,1878,533,1776,533,1,244.34
1929,508,1977,508,1977,529,1929,529,.00
2170,508,2258,508,2258,533,2170,533,244 34
785,529,869,529,869,559,785,559,167.40
902,533,986,533,986,559,902,559,Poland
1030,533,1103,533,1103,559,1030,559,NESQUIK Cereal Bar Dspl 24x25g
168,533,252,533,252,559,168,559,200.88
365,533,727,533,727,562,365,562,0.945
365,559,460,559,460,584,365,584,N52 SA
51,592,164,592,164,617,51,617,2,945. 88
814,592,866,592,866,617,814,617,2278463
931,592,986,592,986,617,931,617,19.04. 10.91
994,592,1103,592,1103,617,994,617,Breakfast Cereals
1662,592,1735,592,1735,617,1662,617,128
168,592,299,592,299,617,168,617,530
369,592,559,592,559,617,369,617,40#14#16
1136,592,1187,592,1187,617,1136,617,252
1337,592,1407,592,1407,617,1337,617,Case
1776,588,1882,588,1882,617,1776,617,11.69
1918,592,1977,592,1977,617,1918,617,11.69
2152,592,2258,592,2258,617,2152,617,0.00
1191,592,1257,592,1257,617,1191,617,2,945. 88
902,617,986,617,986,643,902,643,Poland
1030,617,1103,617,1103,643,1030,643,FITNESS CHOC CerBr MP 8(6x23.59
168,617,252,617,252,643,168,643,284.26
369,617,756,617,756,646,369,646,385. 56
785,617,869,617,869,643,785,643,2.258
369,643,460,643,460,672,369,672,N52 SA
51,676,164,676,164,701,51,701,12278713
168,676,299,676,299,701,168,701,19.04. 10.10
369,676,559,676,559,701,369,701,Breakfast Cereals
814,676,866,676,866,701,814,701,200
931,676,986,676,986,705,931,705,600
994,676,1103,676,1103,701,994,701,40#14#16
1136,676,1187,676,1187,701,1136,701,252
1366,676,1407,676,1407,701,1366,701,Case
1673,676,1735,676,1735,705,1673,705,50
1776,676,1882,676,1882,705,1776,705,8.50
1918,676,1977,676,1977,701,1918,701,2,144..00
2152,676,2258,676,2258,705,2152,705,0.00
1191,676,1257,676,1257,701,1191,701,2,1442.00
365,701,763,701,763,738,365,738,NESQUIK CerBr MP 8(6x259) N52 SA
168,705,252,705,252,730,168,730,302.40
779,705,868,696,871,728,783,737,258
902,705,986,705,986,730,902,730,Poland
1048,701,1103,701,1103,730,1048,730,403 20
168,734,303,734,303,767,168,767,12356543
51,734,164,734,164,763,51,763,19.04. 10.91
814,738,866,738,866,763,814,763,O. 720
913,734,986,734,986,763,913,763,25*13* 10
997,734,1103,734,1103,763,997,763,558
1136,734,1187,734,1187,760,1136,760,4.68
1673,734,1735,734,1735,763,1673,763,2,611.44
1918,738,1977,738,1977,760,1918,760,2,611 44
369,738,559,738,559,763,369,763,Breakfast Cereals
1191,738,1257,738,1257,763,1191,763,500
1366,738,1407,738,1407,760,1366,760,Case
1776,734,1878,734,1878,763,1776,763,do
2156,734,2258,734,2258,763,2156,763,0.00
168,763,252,763,252,789,168,789,CHOCAPIC CerBr Dsp 24x25g N8
369,760,730,760,730,789,369,789,401.76
785,763,869,763,869,789,785,789,Poland
902,760,986,760,986,789,902,789,334 80
1048,763,1103,763,1103,789,1048,789,891
51,793,160,793,160,822,51,822,12401391
168,793,299,793,299,822,168,822,19.04. 10.91
369,796,559,796,559,822,369,822,32#17#16
796,796,869,796,869,822,796,822,2,866. 50
931,796,986,796,986,822,931,822,2, 866. 50
997,793,1103,793,1103,822,997,822,Breakfast Cereals
1136,796,1187,796,1187,818,1136,818,1.200
1366,796,1407,796,1407,822,1366,822,680
1673,796,1735,796,1735,822,1673,822,441
1776,793,1882,793,1882,822,1776,822,Case
1918,796,1977,796,1977,822,1918,822,50
1191,796,1257,796,1257,822,1191,822,6.50
2152,793,2258,793,2258,822,2152,822,0.00
785,822,869,822,869,847,785,847,CHOCAPIC CerBr
902,822,986,822,986,847,902,847,Poland
168,822,252,822,252,847,168,847,529.20
369,818,566,818,566,847,369,847,740.88
1030,822,1103,822,1103,847,1030,847,3.793
365,844,701,844,701,880,365,880,prycompresprectiveness
168,880,303,880,303,910,168,910,2432484
51,880,164,880,164,906,51,906,19.04. 10.91
814,880,866,880,866,906,814,906,Breakfast Cereals
931,880,986,880,986,906,931,906,700
994,880,1100,880,1100,906,994,906,050
1136,880,1257,880,1257,906,1136,906,39*20*27
1337,880,1407,880,1407,906,1337,906,630 Case
1662,880,1735,880,1735,906,1662,906,12 58
1776,880,1882,880,1882,906,1776,906,12.58
1918,880,1977,880,1977,906,1918,906,7, 925.40
369,880,559,880,559,906,369,906,0.00
2174,880,2258,880,2258,906,2174,906,925. 40
369,906,760,906,760,935,369,935,Poland
1019,906,1107,906,1107,939,1019,939,FIT GRANOLA CRAN CerBag 6x450g
168,906,252,906,252,931,168,931,1,701.00
767,906,869,906,869,935,767,935,1,921.50
884,906,986,906,986,935,884,935,13.617
365,931,475,931,475,957,365,957,NOTF XA
814,964,866,964,866,990,814,990,12432490
994,964,1107,964,1107,997,994,997,19.04. 10.91
1660,956,1742,967,1737,1005,1655,995,Breakfast Cereals
51,964,164,964,164,990,51,990,700
168,964,299,964,299,990,168,990,3.050
369,964,559,964,559,994,369,994,39 *20*27
913,964,986,964,986,990,913,990,630 Case
1136,964,1257,964,1257,990,1136,990,12.58
1337,964,1407,964,1407,990,1337,990,12.58
1776,964,1882,964,1882,994,1776,994,7,925.40
1918,964,1977,964,1977,990,1918,990,0.00
2156,964,2258,964,2258,994,2156,994,,925.40
369,990,738,990,738,1019,369,1019,FIT GRANOLA HNY CerBag6x450g
168,994,252,994,252,1019,168,1019,1,701.00
767,990,869,990,869,1019,767,1019,1,921.50
884,990,986,990,986,1019,884,1019,13.617
1019,990,1103,990,1103,1019,1019,1019,Poland
365,1019,475,1019,475,1045,365,1045,NOTF XA
1136,1052,1257,1052,1257,1078,1136,1078,12437452
51,1048,164,1048,164,1078,51,1078,19.04. 10.91
168,1048,299,1048,299,1078,168,1078,39#20*27
796,1052,869,1052,869,1078,796,1078,11.19
1662,1048,1735,1048,1735,1078,1662,1078,11.19
369,1052,559,1052,559,1078,369,1078,Breakfast Cereals
913,1052,986,1052,986,1078,913,1078,2. 700
994,1048,1103,1048,1103,1078,994,1078,3.050
1333,1048,1407,1048,1407,1078,1333,1078,180 Case
1776,1052,1882,1052,1882,1078,1776,1078,2,014.20
1918,1052,1977,1052,1977,1078,1918,1078,0.00
2156,1052,2258,1052,2258,1078,2156,1078,2014 20
168,1078,252,1078,252,1103,168,1103,Poland
369,1078,632,1078,632,1103,369,1103,FIT CHOCALMQU GNLA
782,1078,869,1078,869,1103,782,1103,486 00
902,1078,986,1078,986,1103,902,1103,549.00
1030,1078,1103,1078,1103,1103,1030,1103,3.891
364,1107,621,1098,622,1130,365,1138,CerBaghxasognoff XA
2137,1136,2251,1136,2251,1162,2137,1162,TOTAL
369,1136,453,1136,453,1162,369,1162,506. 06
785,1136,869,1136,869,1162,785,1162,524.28
902,1136,986,1136,986,1162,902,1162,42.270
1019,1136,1103,1136,1103,1162,1019,1162,29. 675. 16
1136,1140,1184,1140,1184,1162,1136,1162,29 675 16
1765,1136,1882,1136,1882,1162,1765,1162,a
2064,1140,2105,1140,2105,1162,2064,1162,ou
1549,1410,1929,1410,1929,1439,1549,1439,Bill To
47,1410,127,1410,127,1436,47,1436,NESTLE MIDDLE EAST FZE
47,1436,321,1436,321,1461,47,1461,Nestle Saudi Arabia L.L.C
47,1461,270,1461,270,1487,47,1487,Jeddah Saudi Arabia
2032,1589,2167,1589,2167,1626,2032,1626,Page of2
