73,46,222,46,222,70,73,70,(212) 753- 4455
869,100,953,100,953,127,869,127,6242
652,105,796,105,796,130,652,130,INVOICE NO.
369,163,1073,163,1073,209,369,209,ARGOSY BOOK STORE, Inc
538,217,918,217,918,249,538,249,OLD AND RARE BOOKS
766,271,1016,271,1016,298,766,298,NEW YORK N.Y, 10022
437,274,690,274,690,298,437,298,116 EAST 59th STREET
173,377,285,377,285,399,173,399,SOLD to
323,399,619,399,619,423,323,423,DR. WILL. IAM DARBY
320,432,684,432,684,461,320,461,DEPT. of BIOCHEMISTRY
972,437,1070,437,1070,461,972,461,DARBY
320,464,600,464,600,494,320,494,VANDERBILT UNIV.
320,499,654,499,654,529,320,529,NASHVILLES TN 3723E
975,502,1070,502,1070,527,975,527,1 1035
796,592,1037,592,1037,616,796,616,TERMS: NET 30 DAYS
978,646,1059,646,1059,668,978,668,PRICE
97,652,184,652,184,676,97,676,CAT #
339,730,486,730,486,755,339,755,03/11/87
187,798,660,798,660,826,187,826,LENDER. DRINK ING in AMERICA
923,801,1024,801,1024,828,923,828,17. 50
146,858,173,858,173,880,146,880,-
190,866,595,866,595,893,190,893,SMITH. HEALTH a DISEASE.
926,866,1024,866,1024,893,926,893,50. OC
190,931,698,931,698,959,190,959,PEMEL. TRACTATUS DE. SIMPLICIUM
907,934,1021,934,1021,959,907,959,350, 00
157,1000,627,997,627,1027,157,1029,2 BUCHAN. DOMESTIC MEDICINE
910,999,1027,999,1027,1029,910,1029,100. 00
190,1065,554,1065,554,1089,190,1089,SHIPPING and HANDL ING
945,1067,1024,1067,1024,1097,945,1097,4. 59
192,1366,339,1366,339,1393,192,1393,Subt otal
912,1366,1029,1366,1029,1396,912,1396,522. 09
192,1434,258,1434,258,1461,192,1461,Tax
942,1434,1024,1434,1024,1459,942,1459,0, 00
192,1467,290,1467,290,1494,192,1494,Total
912,1467,1029,1467,1029,1497,912,1497,522 93
